1.558928426683958790e+01
-4.964740212369295747e-01
1.558913796954973208e+01
-4.987632597261988932e-01
1.558899032001052198e+01
-5.010630103710094208e-01
1.558884130574890037e+01
-5.033733208376161006e-01
1.558869091417724029e+01
-5.056942389999677934e-01
1.558853913259230239e+01
-5.080258129404928713e-01
1.558838594817418333e+01
-5.103680909508864216e-01
1.558823134798526233e+01
-5.127211215328992822e-01
1.558807531896911058e+01
-5.150849533991267437e-01
1.558791784794942359e+01
-5.174596354738008053e-01
1.558775892162893761e+01
-5.198452168935806528e-01
1.558759852658830525e+01
-5.222417470083473567e-01
1.558743664928500650e+01
-5.246492753819969046e-01
1.558727327605222257e+01
-5.270678517932354534e-01
1.558710839309770435e+01
-5.294975262363764701e-01
1.558694198650262663e+01
-5.319383489221365391e-01
1.558677404222044061e+01
-5.343903702784349452e-01
1.558660454607573342e+01
-5.368536409511919238e-01
1.558643348376301141e+01
-5.393282118051281326e-01
1.558626084084556851e+01
-5.418141339245672317e-01
1.558608660275426239e+01
-5.443114586142349109e-01
1.558591075478632249e+01
-5.468202374000635801e-01
1.558573328210413145e+01
-5.493405220299941716e-01
1.558555416973401186e+01
-5.518723644747801638e-01
1.558537340256498105e+01
-5.544158169287927151e-01
1.558519096534750936e+01
-5.569709318108244656e-01
1.558500684269225012e+01
-5.595377617648960022e-01
1.558482101906880679e+01
-5.621163596610627700e-01
1.558463347880440608e+01
-5.647067785962200936e-01
1.558444420608264380e+01
-5.673090718949124200e-01
1.558425318494216683e+01
-5.699232931101383404e-01
1.558406039927536568e+01
-5.725494960241613862e-01
1.558386583282702986e+01
-5.751877346493160514e-01
1.558366946919304752e+01
-5.778380632288176999e-01
1.558347129181902524e+01
-5.805005362375716960e-01
1.558327128399893091e+01
-5.831752083829802036e-01
1.558306942887373481e+01
-5.858621346057545365e-01
1.558286570943001692e+01
-5.885613700807221793e-01
1.558266010849856009e+01
-5.912729702176366953e-01
1.558245260875296267e+01
-5.939969906619876339e-01
1.558224319270818725e+01
-5.967334872958087733e-01
1.558203184271915553e+01
-5.994825162384890271e-01
1.558181854097927932e+01
-6.022441338475792438e-01
1.558160326951900743e+01
-6.050183967196030022e-01
1.558138601020435665e+01
-6.078053616908638546e-01
1.558116674473541963e+01
-6.106050858382544577e-01
1.558094545464487091e+01
-6.134176264800641487e-01
1.558072212129645351e+01
-6.162430411767864102e-01
1.558049672588344770e+01
-6.190813877319258918e-01
1.558026924942714153e+01
-6.219327241928042094e-01
1.558003967277526769e+01
-6.247971088513670779e-01
1.557980797660044736e+01
-6.276746002449884454e-01
1.557957414139860752e+01
-6.305652571572748499e-01
1.557933814748738399e+01
-6.334691386188701090e-01
1.557909997500451027e+01
-6.363863039082563455e-01
1.557885960390621527e+01
-6.393168125525575674e-01
1.557861701396555887e+01
-6.422607243283398049e-01
1.557837218477080476e+01
-6.452180992624102496e-01
1.557812509572374537e+01
-6.481889976326170588e-01
1.557787572603801785e+01
-6.511734799686456077e-01
1.557762405473743250e+01
-6.541716070528157401e-01
1.557737006065423024e+01
-6.571834399208765776e-01
1.557711372242738967e+01
-6.602090398627983303e-01
1.557685501850087029e+01
-6.632484684235666617e-01
1.557659392712187163e+01
-6.663017874039707245e-01
1.557633042633904097e+01
-6.693690588613933068e-01
1.557606449400072535e+01
-6.724503451105977581e-01
1.557579610775313128e+01
-6.755457087245119174e-01
1.557552524503854485e+01
-6.786552125350131526e-01
1.557525188309347719e+01
-6.817789196337078472e-01
1.557497599894682416e+01
-6.849168933727123321e-01
1.557469756941800121e+01
-6.880691973654285976e-01
1.557441657111507105e+01
-6.912358954873197847e-01
1.557413298043284300e+01
-6.944170518766833444e-01
1.557384677355095270e+01
-6.976127309354193118e-01
1.557355792643194548e+01
-7.008229973298000237e-01
1.557326641481933116e+01
-7.040479159912341744e-01
1.557297221423560885e+01
-7.072875521170287616e-01
1.557267529998030042e+01
-7.105419711711496999e-01
1.557237564712794864e+01
-7.138112388849773282e-01
1.557207323052610803e+01
-7.170954212580614717e-01
1.557176802479330391e+01
-7.203945845588707320e-01
1.557146000431699662e+01
-7.237087953255405548e-01
1.557114914325150679e+01
-7.270381203666177461e-01
1.557083541551593342e+01
-7.303826267617999912e-01
1.557051879479205958e+01
-7.337423818626745975e-01
1.557019925452222076e+01
-7.371174532934517964e-01
1.556987676790717146e+01
-7.405079089516932722e-01
1.556955130790393405e+01
-7.439138170090400237e-01
1.556922284722361560e+01
-7.473352459119332325e-01
1.556889135832922655e+01
-7.507722643823340203e-01
1.556855681343344955e+01
-7.542249414184349909e-01
1.556821918449643327e+01
-7.576933462953716614e-01
1.556787844322351688e+01
-7.611775485659268980e-01
1.556753456106297762e+01
-7.646776180612318008e-01
1.556718750920374283e+01
-7.681936248914617016e-01
1.556683725857306833e+01
-7.717256394465270564e-01
1.556648377983421661e+01
-7.752737323967594518e-01
1.556612704338412456e+01
-7.788379746935938375e-01
1.556576701935100715e+01
-7.824184375702432082e-01
1.556540367759199484e+01
-7.860151925423708441e-01
1.556503698769071597e+01
-7.896283114087541133e-01
1.556466691895486321e+01
-7.932578662519437218e-01
1.556429344041375096e+01
-7.969039294389196337e-01
1.556391652081585342e+01
-8.005665736217375539e-01
1.556353612862629276e+01
-8.042458717381708588e-01
1.556315223202435227e+01
-8.079418970123470878e-01
1.556276479890092368e+01
-8.116547229553766618e-01
1.556237379685596522e+01
-8.153844233659763852e-01
1.556197919319592060e+01
-8.191310723310855080e-01
1.556158095493112548e+01
-8.228947442264754608e-01
1.556117904877318381e+01
-8.266755137173517065e-01
1.556077344113232641e+01
-8.304734557589505961e-01
1.556036409811476240e+01
-8.342886455971264548e-01
1.555995098551996847e+01
-8.381211587689325615e-01
1.555953406883800128e+01
-8.419710711031943573e-01
1.555911331324676006e+01
-8.458384587210751038e-01
1.555868868360922974e+01
-8.497233980366329931e-01
1.555826014447071515e+01
-8.536259657573698201e-01
1.555782766005602014e+01
-8.575462388847733264e-01
1.555739119426665518e+01
-8.614842947148488861e-01
1.555695071067796498e+01
-8.654402108386425319e-01
1.555650617253627210e+01
-8.694140651427577637e-01
1.555605754275597263e+01
-8.734059358098590353e-01
1.555560478391663359e+01
-8.774159013191709100e-01
1.555514785826003532e+01
-8.814440404469633394e-01
1.555468672768722094e+01
-8.854904322670292816e-01
1.555422135375548365e+01
-8.895551561511544358e-01
1.555375169767537891e+01
-8.936382917695722128e-01
1.555327772030765665e+01
-8.977399190914128191e-01
1.555279938216021662e+01
-9.018601183851396863e-01
1.555231664338501041e+01
-9.059989702189760186e-01
1.555182946377492037e+01
-9.101565554613194609e-01
1.555133780276062971e+01
-9.143329552811475525e-01
1.555084161940743925e+01
-9.185282511484095247e-01
1.555034087241209662e+01
-9.227425248344089947e-01
1.554983552009955083e+01
-9.269758584121711165e-01
1.554932552041972649e+01
-9.312283342568041800e-01
1.554881083094424987e+01
-9.355000350458406722e-01
1.554829140886313077e+01
-9.397910437595726751e-01
1.554776721098147618e+01
-9.441014436813728317e-01
1.554723819371609395e+01
-9.484313183979984352e-01
1.554670431309214074e+01
-9.527807517998870823e-01
1.554616552473970970e+01
-9.571498280814387805e-01
1.554562178389039673e+01
-9.615386317412797368e-01
1.554507304537383128e+01
-9.659472475825175986e-01
1.554451926361419289e+01
-9.703757607129778195e-01
1.554396039262669760e+01
-9.748242565454292574e-01
1.554339638601403628e+01
-9.792928207977931176e-01
1.554282719696281845e+01
-9.837815394933365765e-01
1.554225277823995377e+01
-9.882904989608526369e-01
1.554167308218903365e+01
-9.928197858348218885e-01
1.554108806072665594e+01
-9.973694870555608327e-01
1.554049766533874788e+01
-1.001939689869353334e+00
1.553990184707683753e+01
-1.006530481828564971e+00
1.553930055655430742e+01
-1.011141950791740296e+00
1.553869374394261627e+01
-1.015774184923684320e+00
1.553808135896749043e+01
-1.020427272695525689e+00
1.553746335090507991e+01
-1.025101302884762422e+00
1.553683966857810184e+01
-1.029796364575291001e+00
1.553621026035192365e+01
-1.034512547157413032e+00
1.553557507413064975e+01
-1.039249940327828803e+00
1.553493405735315136e+01
-1.044008634089607090e+00
1.553428715698906082e+01
-1.048788718752138305e+00
1.553363431953478724e+01
-1.053590284931068988e+00
1.553297549100941843e+01
-1.058413423548212773e+00
1.553231061695066018e+01
-1.063258225831442472e+00
1.553163964241070616e+01
-1.068124783314563953e+00
1.553096251195210442e+01
-1.073013187837167370e+00
1.553027916964355093e+01
-1.077923531544453528e+00
1.552958955905569383e+01
-1.082855906887046027e+00
1.552889362325687728e+01
-1.087810406620772552e+00
1.552819130480886756e+01
-1.092787123806431726e+00
1.552748254576254006e+01
-1.097786151809531985e+00
1.552676728765352010e+01
-1.102807584300008470e+00
1.552604547149782732e+01
-1.107851515251918162e+00
1.552531703778744365e+01
-1.112918038943107035e+00
1.552458192648587598e+01
-1.118007249954856563e+00
1.552384007702367441e+01
-1.123119243171504245e+00
1.552309142829392030e+01
-1.128254113780039036e+00
1.552233591864767881e+01
-1.133411957269669701e+00
1.552157348588941055e+01
-1.138592869431368060e+00
1.552080406727235484e+01
-1.143796946357386934e+00
1.552002759949390054e+01
-1.149024284440751220e+00
1.551924401869086090e+01
-1.154274980374717430e+00
1.551845326043478757e+01
-1.159549131152211920e+00
1.551765525972719573e+01
-1.164846834065236258e+00
1.551684995099476794e+01
-1.170168186704243718e+00
1.551603726808454553e+01
-1.175513286957491355e+00
1.551521714425905252e+01
-1.180882233010358107e+00
1.551438951219138929e+01
-1.186275123344631366e+00
1.551355430396032276e+01
-1.191692056737771788e+00
1.551271145104528593e+01
-1.197133132262134136e+00
1.551186088432138277e+01
-1.202598449284167925e+00
1.551100253405434870e+01
-1.208088107463582306e+00
1.551013632989546487e+01
-1.213602206752472989e+00
1.550926220087643514e+01
-1.219140847394426519e+00
1.550838007540423646e+01
-1.224704129923581908e+00
1.550748988125592831e+01
-1.230292155163663859e+00
1.550659154557341246e+01
-1.235905024226978455e+00
1.550568499485818386e+01
-1.241542838513374880e+00
1.550477015496599975e+01
-1.247205699709172055e+00
1.550384695110156485e+01
-1.252893709786046639e+00
1.550291530781312943e+01
-1.258606970999889274e+00
1.550197514898708562e+01
-1.264345585889618429e+00
1.550102639784248204e+01
-1.270109657275956927e+00
1.550006897692557573e+01
-1.275899288260174513e+00
1.549910280810425078e+01
-1.281714582222787557e+00
1.549812781256246552e+01
-1.287555642822219903e+00
1.549714391079465337e+01
-1.293422573993423308e+00
1.549615102260003496e+01
-1.299315479946457685e+00
1.549514906707696937e+01
-1.305234465165030500e+00
1.549413796261719867e+01
-1.311179634404993744e+00
1.549311762690008720e+01
-1.317151092692797176e+00
1.549208797688681294e+01
-1.323148945323901371e+00
1.549104892881451079e+01
-1.329173297861140801e+00
1.549000039819041064e+01
-1.335224256133051179e+00
1.548894229978586878e+01
-1.341301926232143726e+00
1.548787454763044558e+01
-1.347406414513138362e+00
1.548679705500585868e+01
-1.353537827591149156e+00
1.548570973443995946e+01
-1.359696272339820489e+00
1.548461249770063475e+01
-1.365881855889417906e+00
1.548350525578968373e+01
-1.372094685624872801e+00
1.548238791893664157e+01
-1.378334869183770017e+00
1.548126039659257813e+01
-1.384602514454294386e+00
1.548012259742384167e+01
-1.390897729573119745e+00
1.547897442930576162e+01
-1.397220622923250222e+00
1.547781579931633900e+01
-1.403571303131811554e+00
1.547664661372984263e+01
-1.409949879067782019e+00
1.547546677801042847e+01
-1.416356459839677617e+00
1.547427619680565414e+01
-1.422791154793179302e+00
1.547307477394000230e+01
-1.429254073508702927e+00
1.547186241240833127e+01
-1.435745325798919891e+00
1.547063901436931488e+01
-1.442265021706215622e+00
1.546940448113879896e+01
-1.448813271500091648e+00
1.546815871318315949e+01
-1.455390185674509063e+00
1.546690161011259157e+01
-1.461995874945176688e+00
1.546563307067436277e+01
-1.468630450246772634e+00
1.546435299274604525e+01
-1.475294022730114785e+00
1.546306127332866076e+01
-1.481986703759257118e+00
1.546175780853983639e+01
-1.488708604908535404e+00
1.546044249360689271e+01
-1.495459837959543403e+00
1.545911522285988227e+01
-1.502240514898045998e+00
1.545777588972460492e+01
-1.509050747910828605e+00
1.545642438671557173e+01
-1.515890649382479527e+00
1.545506060542893323e+01
-1.522760331892105023e+00
1.545368443653536339e+01
-1.529659908209979324e+00
1.545229576977288843e+01
-1.536589491294122922e+00
1.545089449393971925e+01
-1.543549194286815807e+00
1.544948049688697189e+01
-1.550539130511032315e+00
1.544805366551141823e+01
-1.557559413466816478e+00
1.544661388574814076e+01
-1.564610156827570542e+00
1.544516104256319622e+01
-1.571691474436286429e+00
1.544369501994618155e+01
-1.578803480301689932e+00
1.544221570090279982e+01
-1.585946288594313192e+00
1.544072296744738360e+01
-1.593120013642497224e+00
1.543921670059535778e+01
-1.600324769928306967e+00
1.543769678035567416e+01
-1.607560672083378384e+00
1.543616308572320683e+01
-1.614827834884679403e+00
1.543461549467109606e+01
-1.622126373250190934e+00
1.543305388414307444e+01
-1.629456402234514156e+00
1.543147813004572200e+01
-1.636818037024382111e+00
1.542988810724070703e+01
-1.644211392934102456e+00
1.542828368953697549e+01
-1.651636585400905854e+00
1.542666474968291013e+01
-1.659093729980212206e+00
1.542503115935843994e+01
-1.666582942340811391e+00
1.542338278916709626e+01
-1.674104338259952751e+00
1.542171950862808316e+01
-1.681658033618350645e+00
1.542004118616824471e+01
-1.689244144395095848e+00
1.541834768911403586e+01
-1.696862786662477918e+00
1.541663888368343827e+01
-1.704514076580716075e+00
1.541491463497784231e+01
-1.712198130392591500e+00
1.541317480697389719e+01
-1.719915064417995687e+00
1.541141926251530769e+01
-1.727664995048371788e+00
1.540964786330460434e+01
-1.735448038741063792e+00
1.540786046989488511e+01
-1.743264312013571127e+00
1.540605694168151274e+01
-1.751113931437698445e+00
1.540423713689375518e+01
-1.758997013633606610e+00
1.540240091258642963e+01
-1.766913675263761530e+00
1.540054812463148792e+01
-1.774864033026785970e+00
1.539867862770956286e+01
-1.782848203651195895e+00
1.539679227530149319e+01
-1.790866303889040001e+00
1.539488891967980067e+01
-1.798918450509430667e+00
1.539296841190015108e+01
-1.807004760291964551e+00
1.539103060179277271e+01
-1.815125350020037276e+00
1.538907533795382498e+01
-1.823280336474044860e+00
1.538710246773676360e+01
-1.831469836424472808e+00
1.538511183724366305e+01
-1.839693966624875499e+00
1.538310329131648935e+01
-1.847952843804735235e+00
1.538107667352836927e+01
-1.856246584662212040e+00
1.537903182617482400e+01
-1.864575305856773779e+00
1.537696859026494245e+01
-1.872939124001698818e+00
1.537488680551257225e+01
-1.881338155656477662e+00
1.537278631032744514e+01
-1.889772517319071587e+00
1.537066694180628801e+01
-1.898242325418065146e+00
1.536852853572391453e+01
-1.906747696304686324e+00
1.536637092652427405e+01
-1.915288746244701024e+00
1.536419394731148103e+01
-1.923865591410184983e+00
1.536199742984081951e+01
-1.932478347871160462e+00
1.535978120450972284e+01
-1.941127131587109478e+00
1.535754510034873022e+01
-1.949812058398353143e+00
1.535528894501242370e+01
-1.958533244017294006e+00
1.535301256477031551e+01
-1.967290804019532491e+00
1.535071578449776197e+01
-1.976084853834837451e+00
1.534839842766681173e+01
-1.984915508737989498e+00
1.534606031633706635e+01
-1.993782883839474440e+00
1.534370127114648774e+01
-2.002687094076047725e+00
1.534132111130221610e+01
-2.011628254201148103e+00
1.533891965457136664e+01
-2.020606478775168746e+00
1.533649671727179609e+01
-2.029621882155592694e+00
1.533405211426284787e+01
-2.038674578486963096e+00
1.533158565893612746e+01
-2.047764681690728672e+00
1.532909716320619964e+01
-2.056892305454918635e+00
1.532658643750131588e+01
-2.066057563223675952e+00
1.532405329075412759e+01
-2.075260568186640064e+00
1.532149753039237439e+01
-2.084501433268166615e+00
1.531891896232956007e+01
-2.093780271116398861e+00
1.531631739095564271e+01
-2.103097194092177880e+00
1.531369261912769630e+01
-2.112452314257790231e+00
1.531104444816057431e+01
-2.121845743365561976e+00
1.530837267781756594e+01
-2.131277592846281710e+00
1.530567710630105083e+01
-2.140747973797466397e+00
1.530295753024316241e+01
-2.150256996971455781e+00
1.530021374469641948e+01
-2.159804772763342040e+00
1.529744554312439675e+01
-2.169391411198730246e+00
1.529465271739236165e+01
-2.179017021921321628e+00
1.529183505775793783e+01
-2.188681714180335636e+00
1.528899235286176683e+01
-2.198385596817747700e+00
1.528612438971817689e+01
-2.208128778255351143e+00
1.528323095370584639e+01
-2.217911366481650770e+00
1.528031182855849934e+01
-2.227733469038561953e+00
1.527736679635558659e+01
-2.237595193007944960e+00
1.527439563751300078e+01
-2.247496644997939885e+00
1.527139813077379138e+01
-2.257437931129130160e+00
1.526837405319890273e+01
-2.267419157020512444e+00
1.526532318015791745e+01
-2.277440427775276888e+00
1.526224528531983005e+01
-2.287501847966405322e+00
1.525914014064385071e+01
-2.297603521622070488e+00
1.525600751637019670e+01
-2.307745552210842099e+00
1.525284718101094938e+01
-2.317928042626703267e+00
1.524965890134090785e+01
-2.328151095173862650e+00
1.524644244238847612e+01
-2.338414811551375649e+00
1.524319756742660203e+01
-2.348719292837554207e+00
1.523992403796371065e+01
-2.359064639474189207e+00
1.523662161373470347e+01
-2.369450951250555715e+00
1.523329005269198966e+01
-2.379878327287216599e+00
1.522992911099653313e+01
-2.390346866019623651e+00
1.522653854300895482e+01
-2.400856665181500205e+00
1.522311810128069354e+01
-2.411407821788022598e+00
1.521966753654518811e+01
-2.422000432118781799e+00
1.521618659770910398e+01
-2.432634591700528759e+00
1.521267503184363612e+01
-2.443310395289716830e+00
1.520913258417584757e+01
-2.454027936854805247e+00
1.520555899808004341e+01
-2.464787309558362782e+00
1.520195401506923716e+01
-2.475588605738938242e+00
1.519831737478665801e+01
-2.486431916892708927e+00
1.519464881499732378e+01
-2.497317333654911042e+00
1.519094807157967075e+01
-2.508244945781032520e+00
1.518721487851724739e+01
-2.519214842127786902e+00
1.518344896789051290e+01
-2.530227110633851417e+00
1.517965006986865895e+01
-2.541281838300378126e+00
1.517581791270154135e+01
-2.552379111171265258e+00
1.517195222271167943e+01
-2.563519014313197619e+00
1.516805272428632279e+01
-2.574701631795451195e+00
1.516411913986964599e+01
-2.585927046669456608e+00
1.516015118995495747e+01
-2.597195340948117881e+00
1.515614859307708251e+01
-2.608506595584905163e+00
1.515211106580477285e+01
-2.619860890452683666e+00
1.514803832273324780e+01
-2.631258304322312558e+00
1.514393007647682765e+01
-2.642698914840988511e+00
1.513978603766166486e+01
-2.654182798510347663e+00
1.513560591491858176e+01
-2.665710030664315333e+00
1.513138941487603262e+01
-2.677280685446697284e+00
1.512713624215315811e+01
-2.688894835788534721e+00
1.512284609935297652e+01
-2.700552553385184407e+00
1.511851868705566559e+01
-2.712253908673159852e+00
1.511415370381201306e+01
-2.723998970806709163e+00
1.510975084613695429e+01
-2.735787807634123769e+00
1.510530980850325555e+01
-2.747620485673814006e+00
1.510083028333535360e+01
-2.759497070090089377e+00
1.509631196100328054e+01
-2.771417624668699453e+00
1.509175452981679832e+01
-2.783382211792107430e+00
1.508715767601963087e+01
-2.795390892414485240e+00
1.508252108378386680e+01
-2.807443726036456866e+00
1.507784443520450957e+01
-2.819540770679562769e+00
1.507312741029420167e+01
-2.831682082860464966e+00
1.506836968697809631e+01
-2.843867717564870556e+00
1.506357094108889960e+01
-2.856097728221189236e+00
1.505873084636209924e+01
-2.868372166673921253e+00
1.505384907443133891e+01
-2.880691083156761589e+00
1.504892529482401997e+01
-2.893054526265439907e+00
1.504395917495703294e+01
-2.905462542930279390e+00
1.503895038013273222e+01
-2.917915178388471364e+00
1.503389857353506898e+01
-2.930412476156087909e+00
1.502880341622594251e+01
-2.942954477999803586e+00
1.502366456714174525e+01
-2.955541223908336068e+00
1.501848168309011911e+01
-2.968172752063617192e+00
1.501325441874693745e+01
-2.980849098811671816e+00
1.500798242665349491e+01
-2.993570298633220883e+00
1.500266535721391925e+01
-3.006336384113994509e+00
1.499730285869282298e+01
-3.019147385914775938e+00
1.499189457721317886e+01
-3.032003332741143531e+00
1.498644015675444408e+01
-3.044904251312939181e+00
1.498093923915092951e+01
-3.057850166333455633e+00
1.497539146409040711e+01
-3.070841100458321815e+00
1.496979646911299255e+01
-3.083877074264122609e+00
1.496415388961028015e+01
-3.096958106216717965e+00
1.495846335882472822e+01
-3.110084212639282697e+00
1.495272450784935714e+01
-3.123255407680059381e+00
1.494693696562769070e+01
-3.136471703279820389e+00
1.494110035895399591e+01
-3.149733109139050136e+00
1.493521431247380882e+01
-3.163039632684832458e+00
1.492927844868477294e+01
-3.176391279037465321e+00
1.492329238793774415e+01
-3.189788050976773093e+00
1.491725574843826152e+01
-3.203229948908141278e+00
1.491116814624826326e+01
-3.216716970828271904e+00
1.490502919528817927e+01
-3.230249112290634272e+00
1.489883850733932391e+01
-3.243826366370659020e+00
1.489259569204663514e+01
-3.257448723630620435e+00
1.488630035692174935e+01
-3.271116172084254980e+00
1.487995210734641383e+01
-3.284828697161088495e+00
1.487355054657626319e+01
-3.298586281670477405e+00
1.486709527574495482e+01
-3.312388905765384806e+00
1.486058589386866480e+01
-3.326236546905859459e+00
1.485402199785097466e+01
-3.340129179822245664e+00
1.484740318248810631e+01
-3.354066776478114242e+00
1.484072904047457797e+01
-3.368049306032910195e+00
1.483399916240922778e+01
-3.382076734804343232e+00
1.482721313680165842e+01
-3.396149026230482537e+00
1.482037055007908677e+01
-3.410266140831595738e+00
1.481347098659357719e+01
-3.424428036171714318e+00
1.480651402862976163e+01
-3.438634666819924135e+00
1.479949925641292197e+01
-3.452885984311403256e+00
1.479242624811755569e+01
-3.467181937108180012e+00
1.478529457987635887e+01
-3.481522470559642368e+00
1.477810382578969417e+01
-3.495907526862783943e+00
1.477085355793546739e+01
-3.510337045022180913e+00
1.476354334637952270e+01
-3.524810960809739768e+00
1.475617275918648019e+01
-3.539329206724163512e+00
1.474874136243108502e+01
-3.553891711950198040e+00
1.474124872021000243e+01
-3.568498402317608065e+00
1.473369439465414921e+01
-3.583149200259917677e+00
1.472607794594153496e+01
-3.597844024772926197e+00
1.471839893231056884e+01
-3.612582791372958901e+00
1.471065691007395593e+01
-3.627365412054913918e+00
1.470285143363306268e+01
-3.642191795250057762e+00
1.469498205549285785e+01
-3.657061845783607712e+00
1.468704832627739165e+01
-3.671975464832089475e+00
1.467904979474580962e+01
-3.686932549880471033e+00
1.467098600780896156e+01
-3.701932994679101085e+00
1.466285651054654693e+01
-3.716976689200411688e+00
1.465466084622488019e+01
-3.732063519595444578e+00
1.464639855631519261e+01
-3.747193368150157688e+00
1.463806918051255934e+01
-3.762366113241543797e+00
1.462967225675545180e+01
-3.777581629293567111e+00
1.462120732124584421e+01
-3.792839786732904006e+00
1.461267390846999170e+01
-3.808140451944508342e+00
1.460407155121981404e+01
-3.823483487227006705e+00
1.459539978061492072e+01
-3.838868750747925773e+00
1.458665812612528612e+01
-3.854296096498755375e+00
1.457784611559456245e+01
-3.869765374249856560e+00
1.456896327526408541e+01
-3.885276429505219564e+00
1.456000912979753004e+01
-3.900829103457091218e+00
1.455098320230623443e+01
-3.916423232940439370e+00
1.454188501437525005e+01
-3.932058650387322274e+00
1.453271408609004034e+01
-3.947735183781108326e+00
1.452346993606394854e+01
-3.963452656610598535e+00
1.451415208146629610e+01
-3.979210887824030873e+00
1.450476003805127867e+01
-3.995009691782994476e+00
1.449529332018755667e+01
-4.010848878216244806e+00
1.448575144088858835e+01
-4.026728252173440659e+00
1.447613391184371245e+01
-4.042647613978805232e+00
1.446644024344999480e+01
-4.058606759184721469e+00
1.445666994484482615e+01
-4.074605478525262114e+00
1.444682252393930177e+01
-4.090643557869686475e+00
1.443689748745238077e+01
-4.106720778175880326e+00
1.442689434094584477e+01
-4.122836915443785166e+00
1.441681258886002226e+01
-4.138991740668788388e+00
1.440665173455036907e+01
-4.155185019795117007e+00
1.439641128032481099e+01
-4.171416513669219839e+00
1.438609072748194961e+01
-4.187685977993171882e+00
1.437568957635008360e+01
-4.203993163278094691e+00
1.436520732632706121e+01
-4.220337814797606057e+00
1.435464347592098555e+01
-4.236719672541307879e+00
1.434399752279177953e+01
-4.253138471168344203e+00
1.433326896379361060e+01
-4.269593939961009887e+00
1.432245729501817522e+01
-4.286085802778441867e+00
1.431156201183888221e+01
-4.302613778010407231e+00
1.430058260895589761e+01
-4.319177578531174788e+00
1.428951858044209366e+01
-4.335776911653523413e+00
1.427836941978990559e+01
-4.352411479082860524e+00
1.426713461995907295e+01
-4.369080976871493327e+00
1.425581367342532779e+01
-4.385785095373048392e+00
1.424440607222996391e+01
-4.402523519197045765e+00
1.423291130803038129e+01
-4.419295927163689797e+00
1.422132887215150809e+01
-4.436101992258810078e+00
1.420965825563823159e+01
-4.452941381589055503e+00
1.419789894930870311e+01
-4.469813756337269517e+00
1.418605044380866964e+01
-4.486718771718151366e+00
1.417411222966671858e+01
-4.503656076934130503e+00
1.416208379735048872e+01
-4.520625315131536759e+00
1.414996463732388321e+01
-4.537626123357036967e+00
1.413775424010523807e+01
-4.554658132514401991e+00
1.412545209632647492e+01
-4.571720967321557083e+00
1.411305769679325017e+01
-4.588814246267988395e+00
1.410057053254609727e+01
-4.605937581572500328e+00
1.408799009492255472e+01
-4.623090579141320156e+00
1.407531587562030850e+01
-4.640272838526621868e+00
1.406254736676134698e+01
-4.657483952885423051e+00
1.404968406095710165e+01
-4.674723508938914307e+00
1.403672545137464489e+01
-4.691991086932231880e+00
1.402367103180386820e+01
-4.709286260594676143e+00
1.401052029672569432e+01
-4.726608597100415032e+00
1.399727274138133026e+01
-4.743957657029679531e+00
1.398392786184254000e+01
-4.761332994330474300e+00
1.397048515508292255e+01
-4.778734156280812329e+00
1.395694411905028076e+01
-4.796160683451509144e+00
1.394330425273996887e+01
-4.813612109669558770e+00
1.392956505626930763e+01
-4.831087961982082568e+00
1.391572603095303862e+01
-4.848587760620909570e+00
1.390178667937980883e+01
-4.866111018967773205e+00
1.388774650548969625e+01
-4.883657243520175051e+00
1.387360501465279583e+01
-4.901225933857925376e+00
1.385936171374880921e+01
-4.918816582610365806e+00
1.384501611124772680e+01
-4.936428675424327395e+00
1.383056771729149581e+01
-4.954061690932824114e+00
1.381601604377679493e+01
-4.971715100724488856e+00
1.380136060443877000e+01
-4.989388369313831895e+00
1.378660091493586748e+01
-5.007080954112276494e+00
1.377173649293568758e+01
-5.024792305400028525e+00
1.375676685820185163e+01
-5.042521866298812938e+00
1.374169153268192822e+01
-5.060269072745460228e+00
1.372651004059635405e+01
-5.078033353466423705e+00
1.371122190852841705e+01
-5.095814129953192051e+00
1.369582666551521655e+01
-5.113610816438665552e+00
1.368032384313967320e+01
-5.131422819874486230e+00
1.366471297562352305e+01
-5.149249539909370732e+00
1.364899359992134187e+01
-5.167090368868471728e+00
1.363316525581552341e+01
-5.184944691733753608e+00
1.361722748601230926e+01
-5.202811886125467744e+00
1.360117983623875126e+01
-5.220691322284690905e+00
1.358502185534067941e+01
-5.238582363056993429e+00
1.356875309538162888e+01
-5.256484363877252264e+00
1.355237311174273707e+01
-5.274396672755622184e+00
1.353588146322357133e+01
-5.292318630264698065e+00
1.351927771214393204e+01
-5.310249569527895730e+00
1.350256142444656504e+01
-5.328188816209073586e+00
1.348573216980079614e+01
-5.346135688503429684e+00
1.346878952170708033e+01
-5.364089497129677753e+00
1.345173305760246052e+01
-5.382049545323547513e+00
1.343456235896691453e+01
-5.400015128832629685e+00
1.341727701143054041e+01
-5.417985535912592354e+00
1.339987660488165133e+01
-5.435960047324786437e+00
1.338236073357568046e+01
-5.453937936335279346e+00
1.336472899624494559e+01
-5.471918468715328387e+00
1.334698099620922029e+01
-5.489900902743324984e+00
1.332911634148709012e+01
-5.507884489208251466e+00
1.331113464490812603e+01
-5.525868471414646876e+00
1.329303552422579315e+01
-5.543852085189122647e+00
1.327481860223113230e+01
-5.561834558888462787e+00
1.325648350686717869e+01
-5.579815113409312133e+00
1.323802987134406628e+01
-5.597792962199511280e+00
1.321945733425484093e+01
-5.615767311271049778e+00
1.320076553969196098e+01
-5.633737359214735285e+00
1.318195413736442312e+01
-5.651702297216527171e+00
1.316302278271555792e+01
-5.669661309075624267e+00
1.314397113704136721e+01
-5.687613571224289011e+00
1.312479886760953818e+01
-5.705558252749458603e+00
1.310550564777893356e+01
-5.723494515416145845e+00
1.308609115711967874e+01
-5.741421513692674949e+00
1.306655508153373724e+01
-5.759338394777751446e+00
1.304689711337597124e+01
-5.777244298629431896e+00
1.302711695157567995e+01
-5.795138357995963219e+00
1.300721430175855886e+01
-5.813019698448559147e+00
1.298718887636906061e+01
-5.830887438416110236e+00
1.296704039479316251e+01
-5.848740689221856748e+00
1.294676858348144499e+01
-5.866578555122075933e+00
1.292637317607251646e+01
-5.884400133346741946e+00
1.290585391351672406e+01
-5.902204514142241010e+00
1.288521054420010259e+01
-5.919990780816149822e+00
1.286444282406858441e+01
-5.937758009784045221e+00
1.284355051675236581e+01
-5.955505270618472125e+00
1.282253339369046330e+01
-5.973231626099972047e+00
1.280139123425537306e+01
-5.990936132270276993e+00
1.278012382587784757e+01
-6.008617838487648299e+00
1.275873096417169705e+01
-6.026275787484379975e+00
1.273721245305864791e+01
-6.043909015426523368e+00
1.271556810489314771e+01
-6.061516551975783429e+00
1.269379774058715249e+01
-6.079097420353668291e+00
1.267190118973479152e+01
-6.096650637407874385e+00
1.264987829073693604e+01
-6.114175213680916876e+00
1.262772889092554962e+01
-6.131670153481067587e+00
1.260545284668788746e+01
-6.149134454955542672e+00
1.258305002359039904e+01
-6.166567110166027987e+00
1.256052029650236967e+01
-6.183967105166501277e+00
1.253786354971922101e+01
-6.201333420083387615e+00
1.251507967708541003e+01
-6.218665029198064964e+00
1.249216858211696568e+01
-6.235960901031718961e+00
1.246913017812350866e+01
-6.253219998432554938e+00
1.244596438832978613e+01
-6.270441278665397355e+00
1.242267114599667899e+01
-6.287623693503658906e+00
1.239925039454156952e+01
-6.304766189323706804e+00
1.237570208765808744e+01
-6.321867707201637820e+00
1.235202618943518793e+01
-6.338927183012441624e+00
1.232822267447544640e+01
-6.355943547531579974e+00
1.230429152801262838e+01
-6.372915726538990633e+00
1.228023274602836246e+01
-6.389842640925503581e+00
1.225604633536799781e+01
-6.406723206801681947e+00
1.223173231385548299e+01
-6.423556335609089452e+00
1.220729071040730673e+01
-6.440340934233973691e+00
1.218272156514536952e+01
-6.457075905123393689e+00
1.215802492950882296e+01
-6.473760146403762405e+00
1.213320086636473327e+01
-6.490392552001799764e+00
1.210824945011760967e+01
-6.506972011767940600e+00
1.208317076681767865e+01
-6.523497411602111384e+00
1.205796491426786154e+01
-6.539967633581963646e+00
1.203263200212945350e+01
-6.556381556093480611e+00
1.200717215202639743e+01
-6.572738053963998794e+00
1.198158549764810843e+01
-6.589035998597609023e+00
1.195587218485083270e+01
-6.605274258112934227e+00
1.193003237175743614e+01
-6.621451697483299093e+00
1.190406622885560672e+01
-6.637567178679215196e+00
1.187797393909441190e+01
-6.653619560813250899e+00
1.185175569797914008e+01
-6.669607700287204288e+00
1.182541171366441191e+01
-6.685530450941602254e+00
1.179894220704542285e+01
-6.701386664207485744e+00
1.177234741184738098e+01
-6.717175189260484736e+00
1.174562757471301033e+01
-6.732894873177154516e+00
1.171878295528804692e+01
-6.748544561093530625e+00
1.169181382630477906e+01
-6.764123096365920240e+00
1.166472047366341869e+01
-6.779629320733888243e+00
1.163750319651142817e+01
-6.795062074485399783e+00
1.161016230732060883e+01
-6.810420196624120237e+00
1.158269813196195486e+01
-6.825702525038825463e+00
1.155511100977824590e+01
-6.840907896674885968e+00
1.152740129365425936e+01
-6.856035147707853383e+00
1.149956935008460235e+01
-6.871083113719027580e+00
1.147161555923910115e+01
-6.886050629873042617e+00
1.144354031502567537e+01
-6.900936531097423554e+00
1.141534402515068791e+01
-6.915739652264040416e+00
1.138702711117663569e+01
-6.930458828372491276e+00
1.135859000857725931e+01
-6.945092894735310551e+00
1.133003316678988881e+01
-6.959640687164999839e+00
1.130135704926507323e+01
-6.974101042162843989e+00
1.127256213351339653e+01
-6.988472797109438694e+00
1.124364891114942289e+01
-7.002754790456932277e+00
1.121461788793278735e+01
-7.016945861922897265e+00
1.118546958380628453e+01
-7.031044852685798041e+00
1.115620453293102621e+01
-7.045050605582040326e+00
1.112682328371850993e+01
-7.058961965304477282e+00
1.109732639885962513e+01
-7.072777778602424625e+00
1.106771445535053822e+01
-7.086496894483046205e+00
1.103798804451538373e+01
-7.100118164414099375e+00
1.100814777202577055e+01
-7.113640442527988661e+00
1.097819425791701597e+01
-7.127062585827049546e+00
1.094812813660108120e+01
-7.140383454390043738e+00
1.091795005687617959e+01
-7.153601911579765549e+00
1.088766068193300640e+01
-7.166716824251730067e+00
1.085726068935754896e+01
-7.179727062963885409e+00
1.082675077113048445e+01
-7.192631502187262882e+00
1.079613163362302330e+01
-7.205429020517526872e+00
1.076540399758931166e+01
-7.218118500887365840e+00
1.073456859815523323e+01
-7.230698830779632047e+00
1.070362618480363004e+01
-7.243168902441191825e+00
1.067257752135595084e+01
-7.255527613097402018e+00
1.064142338595019588e+01
-7.267773865167169056e+00
1.061016457101523258e+01
-7.279906566478493879e+00
1.057880188324140747e+01
-7.291924630484460046e+00
1.054733614354741356e+01
-7.303826976479562028e+00
1.051576818704345406e+01
-7.315612529816351461e+00
1.048409886299057803e+01
-7.327280222122264597e+00
1.045232903475627317e+01
-7.338828991516643363e+00
1.042045957976623960e+01
-7.350257782827779529e+00
1.038849138945231232e+01
-7.361565547809988175e+00
1.035642536919659662e+01
-7.372751245360579020e+00
1.032426243827166701e+01
-7.383813841736706962e+00
1.029200352977695943e+01
-7.394752310771957937e+00
1.025964959057125725e+01
-7.405565634092641680e+00
1.022720158120129952e+01
-7.416252801333708788e+00
1.019466047582646162e+01
-7.426812810354187278e+00
1.016202726213955998e+01
-7.437244667452093339e+00
1.012930294128373454e+01
-7.447547387578699940e+00
1.009648852776541617e+01
-7.457719994552123310e+00
1.006358504936341447e+01
-7.467761521270126046e+00
1.003059354703401773e+01
-7.477671009922038259e+00
9.997515074812268310e+00
-7.487447512199762123e+00
9.964350699709285664e+00
-7.497090089507735478e+00
9.931101501605709814e+00
-7.506597813171794087e+00
9.897768573141245696e+00
-7.515969764646849072e+00
9.864353019600326178e+00
-7.525205035723291580e+00
9.830855958793923932e+00
-7.534302728732048315e+00
9.797278520937506840e+00
-7.543261956748216868e+00
9.763621848525131597e+00
-7.552081843793158278e+00
9.729887096199782093e+00
-7.560761525035026409e+00
9.696075430619815805e+00
-7.569300146987596456e+00
9.662188030321722465e+00
-7.577696867707357065e+00
9.628226085579086657e+00
-7.585950856988732838e+00
9.594190798257811181e+00
-7.594061296557411467e+00
9.560083381667711322e+00
-7.602027380261668021e+00
9.525905060410327252e+00
-7.609848314261588698e+00
9.491657070223206816e+00
-7.617523317216157608e+00
9.457340657820521912e+00
-7.625051620468080493e+00
9.422957080730133939e+00
-7.632432468226312494e+00
9.388507607127145604e+00
-7.639665117746161194e+00
9.353993515663917790e+00
-7.646748839506943618e+00
9.319416095296677582e+00
-7.653682917387071960e+00
9.284776645108703264e+00
-7.660466648836509407e+00
9.250076474130144888e+00
-7.667099345046545444e+00
9.215316901154539053e+00
-7.673580331116760078e+00
9.180499254552035637e+00
-7.679908946219168087e+00
9.145624872079435974e+00
-7.686084543759415411e+00
9.110695100687053127e+00
-7.692106491535000146e+00
9.075711296322456434e+00
-7.697974171890400896e+00
9.040674823731189136e+00
-7.703686981869094730e+00
9.005587056254450218e+00
-7.709244333362359036e+00
8.970449375623875454e+00
-7.714645653254801339e+00
8.935263171753422995e+00
-7.719890383566549552e+00
8.900029842528459412e+00
-7.724977981592049403e+00
8.864750793592088840e+00
-7.729907920035381075e+00
8.829427438128806926e+00
-7.734679687142067550e+00
8.794061196645522216e+00
-7.739292786827264514e+00
8.758653496750062217e+00
-7.743746738800344254e+00
8.723205772927189017e+00
-7.748041078685741212e+00
8.687719466312211480e+00
-7.752175358140036110e+00
8.652196024462259771e+00
-7.756149144965258202e+00
8.616636901125325210e+00
-7.759962023218272442e+00
8.581043556007120543e+00
-7.763613593316294192e+00
8.545417454535813917e+00
-7.767103472138381370e+00
8.509760067624785762e+00
-7.770431293122970651e+00
8.474072871433399712e+00
-7.773596706361304953e+00
8.438357347125933217e+00
-7.776599378686763764e+00
8.402614980628751340e+00
-7.779438993760063425e+00
8.366847262385727291e+00
-7.782115252150242135e+00
8.331055687112149499e+00
-7.784627871411442079e+00
8.295241753546982011e+00
-7.786976586155406110e+00
8.259406964203792612e+00
-7.789161148119680078e+00
8.223552825120275855e+00
-7.791181326231510162e+00
8.187680845606530866e+00
-7.793036906667324182e+00
8.151792537992150756e+00
-7.794727692907879479e+00
8.115889417372244452e+00
-7.796253505788956595e+00
8.079973001352463768e+00
-7.797614183547635136e+00
8.044044809793103212e+00
-7.798809581864083462e+00
8.008106364552434187e+00
-7.799839573898886158e+00
7.972159189229262033e+00
-7.800704050325853345e+00
7.936204808904903985e+00
-7.801402919360334032e+00
7.900244749884601347e+00
-7.801936106782968672e+00
7.864280539438511575e+00
-7.802303555958934211e+00
7.828313705542343293e+00
-7.802505227852603475e+00
7.792345776617720432e+00
-7.802541101037673066e+00
7.756378281272420239e+00
-7.802411171702718917e+00
7.720412748040507367e+00
-7.802115453652175958e+00
7.684450705122519487e+00
-7.801653978302762305e+00
7.648493680125773686e+00
-7.801026794675340881e+00
7.612543199804861160e+00
-7.800233969382212251e+00
7.576600789802479419e+00
-7.799275586609853761e+00
7.540667974390652617e+00
-7.798151748097116531e+00
7.504746276212431511e+00
-7.796862573108881200e+00
7.468837216024237335e+00
-7.795408198405202604e+00
7.432942312438796328e+00
-7.793788778205920309e+00
7.397063081668926898e+00
-7.792004484150809596e+00
7.361201037272146586e+00
-7.790055505255240931e+00
7.325357689896248026e+00
-7.787942047861384331e+00
7.289534547025924738e+00
-7.785664335585009255e+00
7.253733112730516019e+00
-7.783222609257853364e+00
7.217954887412986409e+00
-7.780617126865639221e+00
7.182201367560222316e+00
-7.777848163481737132e+00
7.146474045494715988e+00
-7.774916011196513210e+00
7.110774409127762929e+00
-7.771820979042404431e+00
7.075103941714184330e+00
-7.768563392914741073e+00
7.039464121608763669e+00
-7.765143595488372519e+00
7.003856422024378858e+00
-7.761561946130119516e+00
6.968282310791984457e+00
-7.757818820807101723e+00
6.932743250122506140e+00
-7.753914611990985861e+00
6.897240696370689150e+00
-7.749849728558201534e+00
6.861776099801042861e+00
-7.745624595686152247e+00
6.826350904355919624e+00
-7.741239654745498910e+00
6.790966547425816735e+00
-7.736695363188554886e+00
6.755624459621975220e+00
-7.731992194433823684e+00
6.720326064551337630e+00
-7.727130637746768116e+00
6.685072778593966092e+00
-7.722111198116850872e+00
6.649866010682977446e+00
-7.716934396130892715e+00
6.614707162087023917e+00
-7.711600767842816673e+00
6.579597626195504034e+00
-7.706110864639851066e+00
6.544538788306397237e+00
-7.700465253105222452e+00
6.509532025416964629e+00
-7.694664514877435302e+00
6.474578706017243057e+00
-7.688709246506164163e+00
6.439680189886483497e+00
-7.682600059304872886e+00
6.404837827892555069e+00
-7.676337579200182226e+00
6.370052961794343993e+00
-7.669922446578062214e+00
6.335326924047279817e+00
-7.663355316126955863e+00
6.300661037611991588e+00
-7.656636856677858205e+00
6.266056615766133930e+00
-7.649767751041434138e+00
6.231514961919494056e+00
-7.642748695842268347e+00
6.197037369432360165e+00
-7.635580401350302360e+00
6.162625121437253384e+00
-7.628263591309520919e+00
6.128279490664036544e+00
-7.620799002763997798e+00
6.094001739268462892e+00
-7.613187385881346358e+00
6.059793118664202893e+00
-7.605429503773659228e+00
6.025654869358353594e+00
-7.597526132316023251e+00
5.991588220790548647e+00
-7.589478059962682543e+00
5.957594391175618398e+00
-7.581286087560916265e+00
5.923674587349888832e+00
-7.572951028162727027e+00
5.889830004621153137e+00
-7.564473706834426991e+00
5.856061826622277700e+00
-7.555854960464159831e+00
5.822371225168582853e+00
-7.547095637567488247e+00
5.788759360118925557e+00
-7.538196598091102096e+00
5.755227379240573704e+00
-7.529158713214730625e+00
5.721776418077839210e+00
-7.519982865151341400e+00
5.688407599824558680e+00
-7.510669946945714770e+00
5.655122035200358610e+00
-7.501220862271457790e+00
5.621920822330808143e+00
-7.491636525226565979e+00
5.588805046631421192e+00
-7.481917860127580866e+00
5.555775780695495492e+00
-7.472065801302463228e+00
5.522834084185890724e+00
-7.462081292882222883e+00
5.489981003730673770e+00
-7.451965288591431147e+00
5.457217572822650631e+00
-7.441718751537649723e+00
5.424544811722850746e+00
-7.431342653999906567e+00
5.391963727367867776e+00
-7.420837977216246273e+00
5.359475313281152786e+00
-7.410205711170493537e+00
5.327080549488200312e+00
-7.399446854378254557e+00
5.294780402435654842e+00
-7.388562413672283391e+00
5.262575824914326184e+00
-7.377553403987257674e+00
5.230467755986087930e+00
-7.366420848144061395e+00
5.198457120914691920e+00
-7.355165776633650232e+00
5.166544831100459589e+00
-7.343789227400572273e+00
5.134731784018849332e+00
-7.332292245626231164e+00
5.103018863162897212e+00
-7.320675883511957416e+00
5.071406937989478614e+00
-7.308941200061967791e+00
5.039896863869437027e+00
-7.297089260866296279e+00
5.008489482041511565e+00
-7.285121137883757036e+00
4.977185619570065889e+00
-7.273037909225022801e+00
4.945986089306604327e+00
-7.260840658935903136e+00
4.914891689855020118e+00
-7.248530476780850051e+00
4.883903205540610415e+00
-7.236108458026822454e+00
4.853021406382771019e+00
-7.223575703227544054e+00
4.822247048071391262e+00
-7.210933318008222237e+00
4.791580871946906406e+00
-7.198182412850817613e+00
4.761023604983956048e+00
-7.185324102879905972e+00
4.730575959778657413e+00
-7.172359507649222365e+00
4.700238634539445570e+00
-7.159289750928947704e+00
4.670012313081434385e+00
-7.146115960493778729e+00
4.639897664824286672e+00
-7.132839267911887049e+00
4.609895344793544680e+00
-7.119460808334787671e+00
4.580005993625378302e+00
-7.105981720288204961e+00
4.550230237574749204e+00
-7.092403145463983982e+00
4.520568688526906520e+00
-7.078726228513118279e+00
4.491021944012205225e+00
-7.064952116839926965e+00
4.461590587224185001e+00
-7.051081960397466375e+00
4.432275187040899844e+00
-7.037116911484205595e+00
4.403076298049429127e+00
-7.023058124542051139e+00
4.373994460573521259e+00
-7.008906755955729651e+00
4.345030200704373513e+00
-6.994663963853631650e+00
4.316184030334429877e+00
-6.980330907910113680e+00
4.287456447194219145e+00
-6.965908749149343215e+00
4.258847934892148857e+00
-6.951398649750736958e+00
4.230358962957219582e+00
-6.936801772855999637e+00
4.201989986884621331e+00
-6.922119282377860117e+00
4.173741448184125069e+00
-6.907352342810497703e+00
4.145613774431279097e+00
-6.892502119041742148e+00
4.117607379321317929e+00
-6.877569776167065996e+00
4.089722662725745472e+00
-6.862556479305413681e+00
4.061960010751549888e+00
-6.847463393416903799e+00
4.034319795802978170e+00
-6.832291683122447168e+00
4.006802376645848263e+00
-6.817042512525306464e+00
3.979408098474327193e+00
-6.801717045034642695e+00
3.952137292980132610e+00
-6.786316443191080516e+00
3.924990278424087098e+00
-6.770841868494306581e+00
3.897967359710004853e+00
-6.755294481232754222e+00
3.871068828460827227e+00
-6.739675440315387789e+00
3.844294963096968054e+00
-6.723985903105623052e+00
3.817646028916835910e+00
-6.708227025257411213e+00
3.791122278179414273e+00
-6.692399960553489180e+00
3.764723950188932466e+00
-6.676505860745853838e+00
3.738451271381511454e+00
-6.660545875398464766e+00
3.712304455413752091e+00
-6.644521151732187825e+00
3.686283703253221855e+00
-6.628432834472016921e+00
3.660389203270759229e+00
-6.612282065696587274e+00
3.634621131334568656e+00
-6.596069984689985510e+00
3.608979650906046110e+00
-6.579797727795888562e+00
3.583464913137270003e+00
-6.563466428274042030e+00
3.558077056970121443e+00
-6.547077216159088664e+00
3.532816209236956162e+00
-6.530631218121751402e+00
3.507682484762813857e+00
-6.514129557332406506e+00
3.482675986469066398e+00
-6.497573353327027235e+00
3.457796805478490221e+00
-6.480963721875529160e+00
3.433045021221697191e+00
-6.464301774852521554e+00
3.408420701544844889e+00
-6.447588620110452418e+00
3.383923902818641860e+00
-6.430825361355184455e+00
3.359554670048508829e+00
-6.414013098023970905e+00
3.335313036985926960e+00
-6.397152925165877413e+00
3.311199026240872367e+00
-6.380245933324606433e+00
3.287212649395288011e+00
-6.363293208423755232e+00
3.263353907117573893e+00
-6.346295831654504838e+00
3.239622789278016057e+00
-6.329254879365725728e+00
3.216019275065123750e+00
-6.312171422956517119e+00
3.192543333102815684e+00
-6.295046528771162997e+00
3.169194921568394108e+00
-6.277881257996491549e+00
3.145973988311311587e+00
-6.260676666561678871e+00
3.122880470972609679e+00
-6.243433805040434770e+00
3.099914297105037075e+00
-6.226153718555595518e+00
3.077075384293796567e+00
-6.208837446686128025e+00
3.054363640277827141e+00
-6.191486023376493009e+00
3.031778963071646515e+00
-6.174100476848407126e+00
3.009321241087655530e+00
-6.156681829514967674e+00
2.986990353258885289e+00
-6.139231097897130951e+00
2.964786169162144880e+00
-6.121749292542548737e+00
2.942708549141499930e+00
-6.104237417946730027e+00
2.920757344432081126e+00
-6.086696472476523567e+00
2.898932397284152973e+00
-6.069127448295924765e+00
2.877233541087401036e+00
-6.051531331294158988e+00
2.855660600495427470e+00
-6.033909101016071475e+00
2.834213391550361560e+00
-6.016261730594749224e+00
2.812891721807602607e+00
-5.998590186686421077e+00
2.791695390460629866e+00
-5.980895429407584452e+00
2.770624188465828031e+00
-5.963178412274337425e+00
2.749677898667339804e+00
-5.945440082143935712e+00
2.728856295921833208e+00
-5.927681379158495467e+00
2.708159147223231145e+00
-5.909903236690889905e+00
2.687586211827310390e+00
-5.892106581292773981e+00
2.667137241376157153e+00
-5.874292332644736270e+00
2.646811980022454325e+00
-5.856461403508563812e+00
2.626610164553530247e+00
-5.838614699681563991e+00
2.606531524515196097e+00
-5.820753119952987831e+00
2.586575782335279516e+00
-5.802877556062458808e+00
2.566742653446873135e+00
-5.784988892660448911e+00
2.547031846411237144e+00
-5.767088007270741556e+00
2.527443063040326621e+00
-5.749175770254855600e+00
2.507975998518943150e+00
-5.731253044778451766e+00
2.488630341526452128e+00
-5.713320686779650437e+00
2.469405774358048422e+00
-5.695379544939254579e+00
2.450301973045564186e+00
-5.677430460652872490e+00
2.431318607477739757e+00
-5.659474268004876407e+00
2.412455341520006513e+00
-5.641511793744220071e+00
2.393711833133683964e+00
-5.623543857262045975e+00
2.375087734494631952e+00
-5.605571270571108045e+00
2.356582692111272692e+00
-5.587594838286918275e+00
2.338196346942015502e+00
-5.569615357610667061e+00
2.319928334512026513e+00
-5.551633618313834617e+00
2.301778285029333126e+00
-5.533650402724492601e+00
2.283745823500260563e+00
-5.515666485715286171e+00
2.265830569844130782e+00
-5.497682634693019210e+00
2.248032139007269947e+00
-5.479699609589882670e+00
2.230350141076253401e+00
-5.461718162856252334e+00
2.212784181390398786e+00
-5.443739039455050666e+00
2.195333860653485125e+00
-5.425762976857652298e+00
2.177998775044655666e+00
-5.407790705041271018e+00
2.160778516328543564e+00
-5.389822946487874411e+00
2.143672671964540477e+00
-5.371860416184509823e+00
2.126680825215241377e+00
-5.353903821625091375e+00
2.109802555254041589e+00
-5.335953862813600068e+00
2.093037437271837220e+00
-5.318011232268623267e+00
2.076385042582869822e+00
-5.300076615029293059e+00
2.059844938729669117e+00
-5.282150688662536453e+00
2.043416689587084889e+00
-5.264234123271620547e+00
2.027099855465413825e+00
-5.246327581505999760e+00
2.010893993212575115e+00
-5.228431718572380760e+00
1.994798656315375895e+00
-5.210547182247052156e+00
1.978813394999806130e+00
-5.192674612889385699e+00
1.962937756330390471e+00
-5.174814643456536523e+00
1.947171284308569783e+00
-5.156967899519287357e+00
1.931513519970103010e+00
-5.139134999279007410e+00
1.915964001481494483e+00
-5.121316553585731235e+00
1.900522264235432690e+00
-5.103513165957312303e+00
1.885187840945225624e+00
-5.085725432599612184e+00
1.869960261738251361e+00
-5.067953942427748437e+00
1.854839054248377250e+00
-5.050199277088309735e+00
1.839823743707388992e+00
-5.032462010982587053e+00
1.824913853035391886e+00
-5.014742711290733013e+00
1.810108902930189556e+00
-4.997041937996869798e+00
1.795408411955646599e+00
-4.979360243915106565e+00
1.780811896629007629e+00
-4.961698174716421050e+00
1.766318871507201349e+00
-4.944056268956440903e+00
1.751928849272096356e+00
-4.926435058104024378e+00
1.737641340814727320e+00
-4.908835066570685690e+00
1.723455855318487329e+00
-4.891256811740809063e+00
1.709371900341265071e+00
-4.873700804002620401e+00
1.695388981896556180e+00
-4.856167546779924571e+00
1.681506604533528737e+00
-4.838657536564567430e+00
1.667724271416040072e+00
-4.821171262949592418e+00
1.654041484400626816e+00
-4.803709208663107688e+00
1.640457744113434924e+00
-4.786271849602779405e+00
1.626972550026121400e+00
-4.768859654871003606e+00
1.613585400530714420e+00
-4.751473086810676705e+00
1.600295793013432277e+00
-4.734112601041575275e+00
1.587103223927469609e+00
-4.716778646497328253e+00
1.574007188864741780e+00
-4.699471665462921166e+00
1.561007182626604539e+00
-4.682192093612770556e+00
1.548102699293538498e+00
-4.664940360049304680e+00
1.535293232293810206e+00
-4.647716887342054015e+00
1.522578274471110271e+00
-4.630522091567229381e+00
1.509957318151160965e+00
-4.613356382347744145e+00
1.497429855207319083e+00
-4.596220162893709826e+00
1.484995377125156280e+00
-4.579113830043341160e+00
1.472653375066041326e+00
-4.562037774304287474e+00
1.460403339929701394e+00
-4.544992379895337997e+00
1.448244762415798137e+00
-4.527978024788517075e+00
1.436177133084499680e+00
-4.510995080751538211e+00
1.424199942416063180e+00
-4.494043913390582290e+00
1.412312680869439729e+00
-4.477124882193431965e+00
1.400514838939883155e+00
-4.460238340572876048e+00
